#Bird
{
	2100	200
	400		200
	120		222
	1203	210
	1000	1212
	1000	3321
	3022	211
	4021	211
	320	442
	640	234
	402	3311
	3440	1211
	112	1112
	402	2331
	402	2231
	402	2131
	402	2151
	402	2351
	402	2251
	452	2231
	502	2231
	502	2131
	502	2151
	502	2351
	502	2251
	552	2231
}

#Fairy
{
100	100
200	200
300	300
400	400
500	500
600	600
700	700
800	800
900	900
1000	1000
1100	1100
1200	1200
1300	1300
1400	1400
1500	1500
1600	1600
1700	1700
1800	1800
1900	1900
2000	2000
2100	2100
2200	2200
2300	2300
2400	2400
2500	2500
2600	2600
2700	2700
2800	2800
2900	2900
3000	3000
3100	3100
3200	3200
3300	3300
3400	3400
3500	3500
3600	3600
3700	3700
3800	3800


}