#Bgm	bgm_stage03

#ClearAnnounce
img_clearAnnounce01	-1	-1

#StageClear
Goal	3000	2000	200
img_goalObj03	1	1

#NormaTime
120.0

#Left	0
#Top	0
#Right	16000
#Bottom	9000

#CameraLeft		0
#CameraTop		200
#CameraRight	16000
#CameraBottom	8600


#Player
1500	4500

#Enemy
res/dat/main/enemy/enemyTable01.txt

#ActionCircle
{
1500	4500	10

0	0	10
4000	0	10
0	2500	10

7900	0	10
8100	0	10
8100	1800	10
7900	1800	10

13000	1900	10
13100	2500	10
12900	2500	10

14300	0	10
16000	0	10
16000	1900	10
15600	1900	10
14300	600	10

0	6000	10
4000	9000	10
0	9000	10

16000	8600	10
16000	9000	10
15600	9000	10

2500	4500	10
3000	4000	10
4400	4000	10
4400	3900	10
5000	4500	10
8000	4500	10
8000	4000	10
9000	4000	10
9000	2600	10
10000	2600	10
10900	4100	10
13000	4100	10
13100	5500	10
13100	5300	10
10900	5600	10
10200	5600	10
10200	8600	10
10000	8600	10
10000	5600	10
8700	5600	10
8700	7400	10
8500	7400	10
8500	5600	10
5000	5600	10
4400	5000	10
3000	5000	10
}

#ActionPolygon
{
3
0	0
4000	0
0	2500

4
7900	0
8100	0
8100	1800
7900	1800

3
13000	1900
13100	2500
12900	2500

5
14300	0
16000	0
16000	1900
15600	1900
14300	600

3
0	6000
4000	9000
0	9000

3
16000	8600
16000	9000
15600	9000

26
2500	4500
3000	4000
4400	4000
4400	3900
5000	4500
8000	4500
8000	4000
9000	4000
9000	2600
10000	2600
10900	4100
13000	4100
13100	5500
13100	5300
10900	5600
10200	5600
10200	8600
10000	8600
10000	5600
8700	5600
8700	7400
8500	7400
8500	5600
5000	5600
4400	5000
3000	5000

}