#Left	0
#Top	0
#Right	16000
#Bottom	9000

#Player
1500	4500

#Enemy
enemyTable02.txt


#ActionPolygon
{
3
0	0
4000	0
0	2500

4
7900	0
8100	0
8100	1800
7900	1800

3
13000	1900
13100	2500
12900	2500

5
14300	0
16000	0
16000	1900
15600	1900
14300	600

3
0	6000
4000	9000
0	9000

3
16000	8600
16000	9000
15600	9000

26
2500	4500
3000	4000
4400	4000
4400	3900
5000	4500
8000	4500
8000	4000
9000	4000
9000	2600
10000	2600
10900	4100
13000	4100
13100	5300
13100	5500
10900	5600
10200	5600
10200	8600
10000	8600
10000	5600
8700	5600
8700	7400
8500	7400
8500	5600
5000	5600
4400	5000
3000	5000

}